Jeans 0.0 452.82884 27.52 684.36021
Jeans 31.36 425.966565 76.16 612.7263350000001
Jeans 210.56 432.36240999999995 289.92 673.487205
Jeans 338.56 431.08283000000006 432.64 684.36021
Jeans 412.16 414.45376999999996 462.08 615.9246
Jeans 464.0 30.06054 480.0 55.64392
Jeans 486.4 392.06797 540.16 646.6249300000001
Jeans 502.4 435.55999 632.96 674.766785
Jeans 801.92 214.26252000000002 835.84 253.27738000000002
Jeans 877.44 217.46009999999998 894.72 257.75454
Jeans 921.6 217.46009999999998 940.8 256.47495999999995
