Horn 128.0 44.160000000000004 201.6 116.480256
Horn 151.68 333.44025600000003 256.0 704.000256
Horn 253.44 23.04 480.64 399.99974399999996
Horn 377.6 303.36 516.48 677.76
Horn 547.2 663.039744 650.24 767.360256
Horn 664.32 0.0 839.04 245.76
Horn 749.44 633.5999999999999 851.2 767.360256
Horn 753.28 536.319744 789.12 568.959744
Horn 775.68 293.76 839.04 497.91974400000004
Horn 826.24 0.0 982.4 270.080256
Horn 881.92 501.75974399999996 976.64 602.240256
Horn 993.92 268.79999999999995 1023.36 485.76
