Violin 8.32 190.6983 73.6 272.609064
Violin 26.88 53.114022000000006 106.88 280.28824199999997
Violin 32.0 320.6034 126.08 445.38951599999996
Violin 53.12 285.407226 184.32 385.23583799999994
Violin 60.8 227.813742 84.48 330.202548
Violin 73.6 451.78824599999996 120.96 623.929176
Violin 124.8 155.502126 210.56 238.053114
Violin 139.52 265.56940799999995 268.16 390.35552399999995
Violin 161.92 421.711758 210.56 492.743628
Violin 177.28 30.716712 291.84 340.441218
Violin 178.56 220.135266 291.84 321.88314599999995
Violin 319.36 458.827902 366.08 579.133854
Violin 343.04 587.453256 352.0 614.96955
Violin 364.8 133.104816 435.84 300.12606
Violin 379.52 275.16855599999997 467.2 490.184136
Violin 388.48 39.035411999999994 496.0 243.17209799999998
Violin 565.76 403.79391 699.52 492.10410599999994
Violin 567.04 530.4992940000001 703.36 621.368982
Violin 577.92 51.834276 647.04 231.65368199999998
Violin 585.6 269.409348 647.04 426.83144400000003
Violin 594.56 645.04674 622.08 701.3597759999999
