Bicycle 34.56 341.5 106.88 413.900732
Bicycle 84.48 325.482284 274.56 520.258858
Bicycle 97.28 332.530161 131.84 390.194485
Bicycle 215.68 346.62591499999996 253.44 394.038409
Bicycle 222.08 341.5 348.16 505.52245
Bicycle 323.2 326.76359199999996 385.92 441.450903
Bicycle 412.16 332.530161 615.68 536.917228
Bicycle 456.96 358.79902400000003 481.92 430.559102
Bicycle 469.76 390.194485 588.16 510.64836500000007
Bicycle 559.36 351.75114700000006 614.4 422.870571
Bicycle 623.36 346.62591499999996 694.4 433.76237199999997
Bicycle 684.16 351.75114700000006 749.44 458.109956
Bicycle 753.28 363.924939 819.2 465.15783300000004
Bicycle 789.12 317.793753 921.6 567.6713520000001
Bicycle 890.88 357.517716 947.84 452.984041
Bicycle 1004.16 379.302001 1023.36 440.16959499999996
