Toothbrush 101.12 48.643148999999994 157.44 643.8780089999999
Toothbrush 186.88 55.043186999999996 241.92 641.317449
Toothbrush 279.04 43.522710000000004 322.56 640.0378499999999
Toothbrush 362.24 35.842392000000004 410.88 624.6765330000001
Toothbrush 439.04 42.24243 476.16 636.197691
Toothbrush 510.72 70.40382299999999 555.52 618.2764950000001
Toothbrush 572.16 47.362868999999996 618.24 628.516692
Toothbrush 652.8 47.362868999999996 686.08 629.7969720000001
Toothbrush 714.24 55.043186999999996 762.88 633.6371310000001
Toothbrush 800.0 52.483308 851.2 643.8780089999999
Toothbrush 875.52 49.922748 931.84 634.9174109999999
