Bagel 12.99968 408.99984 225.000448 627.00018
Bagel 44.99968 212.000079 252.99967999999998 377.00023200000004
Bagel 94.000128 45.00028499999999 268.99967999999996 201.99986699999997
Bagel 266.99980800000003 420.000207 483.00032000000004 622.0000739999999
Bagel 268.99967999999996 196.000275 469.00019199999997 369.00033
Bagel 311.000064 41.99981999999999 483.00032000000004 195.00012
Bagel 497.999872 417.99989700000003 736.0 633.999927
Bagel 522.0003839999999 201.99986699999997 725.000192 376.000077
Bagel 524.99968 35.000073 689.999872 187.99970399999998
Bagel 746.999808 33.999918 933.9996160000001 170.00025900000003
Bagel 759.000064 190.000014 968.9999359999999 365.99986500000006
Bagel 789.000192 428.00010899999995 1006.0001279999999 653.999682
