Ratchet 0.0 296.96025599999996 78.72 361.599744
Ratchet 0.0 0.0 221.44 73.599744
Ratchet 0.0 216.320256 241.28 248.960256
Ratchet 0.0 250.88025599999997 300.8 308.480256
Ratchet 0.0 69.75974400000001 363.52 138.879744
Ratchet 28.16 0.0 184.32 90.24
Ratchet 55.68 450.56025600000004 570.24 500.480256
Ratchet 139.52 350.079744 329.6 459.519744
Ratchet 356.48 70.400256 744.96 365.439744
Ratchet 384.0 0.0 446.08 209.28000000000003
Ratchet 405.12 376.32 505.6 433.280256
Ratchet 465.92 0.0 499.2 193.92000000000002
Ratchet 684.16 381.44025600000003 747.52 437.120256
Ratchet 704.0 158.079744 782.08 234.87974399999996
Ratchet 748.8 233.600256 839.04 314.240256
